Introducing contestants...
* Player 1, weighing 325 bytes,"Celebration Funebre v0.99" ("Jour J                   ") !
* Player 2, weighing 430 bytes,"bigzork                  " ("I know i cant win        ") !
* Player 3, weighing 490 bytes,"fluttershy               " ("oh,my,what a scary projec") !
* Player 4, weighing 617 bytes,"helltrain                " ("choo-choo, motherf*****s ") !
0x0000 : 02 90 00 00 00 00 03 09 00 a0 00 00 00 01 ff ff ff ff 0b 64 0f 00 00 0e 09 ff 38 01 ff ff ff ff 0b 64 0f 00 00 0e 09 ff 38 01 ff ff ff ff 0b 64 0f 00 00 0e 09 ff 38 01 ff ff ff ff 0b 64 0f 00 
0x0040 : 00 0e 09 ff 38 0b ff ff ff ff 0e 09 ff 38 0b 64 0f 00 00 0e ff ff ff ff 68 01 ff b6 00 01 0b 68 01 ff af 00 0f 0b 68 01 ff a8 00 1d 0b 68 01 ff a1 00 2b 0b 68 01 ff 9a 00 39 0b 68 01 ff 93 00 
0x0080 : 47 02 90 00 06 00 00 04 02 90 00 0e 00 00 0c 02 90 00 00 00 01 0b 02 90 00 00 00 06 0a 01 00 00 00 2a 0b 68 04 ff 65 00 01 04 54 04 0c 04 05 54 0a 0b 0a 09 ff ce 0c ff e7 01 00 00 00 03 0c 00 
0x00c0 : 28 01 00 00 00 04 0c 00 45 01 00 00 00 2a 0a a4 00 08 ff 3f 0f 02 90 ff ff ff 46 0e 02 90 00 00 00 00 02 09 ff 24 01 00 00 00 2a 0c 00 3d 01 00 00 00 2a 0a a4 00 04 ff 1a 0f 02 90 ff ff ff 42 
0x0100 : 0e 02 90 00 00 00 00 02 09 fe ff 01 00 00 00 2a 0a a4 00 0c fe fd 0f 02 90 ff ff ff 4a 0e 02 90 00 00 00 00 02 09 fe e2 01 00 00 00 2a 0a a4 00 00 fe e0 0f 02 90 ff ff ff 3e 0e 02 90 00 00 00 
0x0140 : 00 02 09 fe c5 00 00 00 00 00 00 00 00 00 00 00 00 00 00 00 00 00 00 00 00 00 00 00 00 00 00 00 00 00 00 00 00 00 00 00 00 00 00 00 00 00 00 00 00 00 00 00 00 00 00 00 00 00 00 00 00 00 00 00 
0x0180 : 00 00 00 00 00 00 00 00 00 00 00 00 00 00 00 00 00 00 00 00 00 00 00 00 00 00 00 00 00 00 00 00 00 00 00 00 00 00 00 00 00 00 00 00 00 00 00 00 00 00 00 00 00 00 00 00 00 00 00 00 00 00 00 00 
0x01c0 : 00 00 00 00 00 00 00 00 00 00 00 00 00 00 00 00 00 00 00 00 00 00 00 00 00 00 00 00 00 00 00 00 00 00 00 00 00 00 00 00 00 00 00 00 00 00 00 00 00 00 00 00 00 00 00 00 00 00 00 00 00 00 00 00 
0x0200 : 00 00 00 00 00 00 00 00 00 00 00 00 00 00 00 00 00 00 00 00 00 00 00 00 00 00 00 00 00 00 00 00 00 00 00 00 00 00 00 00 00 00 00 00 00 00 00 00 00 00 00 00 00 00 00 00 00 00 00 00 00 00 00 00 
0x0240 : 00 00 00 00 00 00 00 00 00 00 00 00 00 00 00 00 00 00 00 00 00 00 00 00 00 00 00 00 00 00 00 00 00 00 00 00 00 00 00 00 00 00 00 00 00 00 00 00 00 00 00 00 00 00 00 00 00 00 00 00 00 00 00 00 
0x0280 : 00 00 00 00 00 00 00 00 00 00 00 00 00 00 00 00 00 00 00 00 00 00 00 00 00 00 00 00 00 00 00 00 00 00 00 00 00 00 00 00 00 00 00 00 00 00 00 00 00 00 00 00 00 00 00 00 00 00 00 00 00 00 00 00 
0x02c0 : 00 00 00 00 00 00 00 00 00 00 00 00 00 00 00 00 00 00 00 00 00 00 00 00 00 00 00 00 00 00 00 00 00 00 00 00 00 00 00 00 00 00 00 00 00 00 00 00 00 00 00 00 00 00 00 00 00 00 00 00 00 00 00 00 
0x0300 : 00 00 00 00 00 00 00 00 00 00 00 00 00 00 00 00 00 00 00 00 00 00 00 00 00 00 00 00 00 00 00 00 00 00 00 00 00 00 00 00 00 00 00 00 00 00 00 00 00 00 00 00 00 00 00 00 00 00 00 00 00 00 00 00 
0x0340 : 00 00 00 00 00 00 00 00 00 00 00 00 00 00 00 00 00 00 00 00 00 00 00 00 00 00 00 00 00 00 00 00 00 00 00 00 00 00 00 00 00 00 00 00 00 00 00 00 00 00 00 00 00 00 00 00 00 00 00 00 00 00 00 00 
0x0380 : 00 00 00 00 00 00 00 00 00 00 00 00 00 00 00 00 00 00 00 00 00 00 00 00 00 00 00 00 00 00 00 00 00 00 00 00 00 00 00 00 00 00 00 00 00 00 00 00 00 00 00 00 00 00 00 00 00 00 00 00 00 00 00 00 
0x03c0 : 00 00 00 00 00 00 00 00 00 00 00 00 00 00 00 00 00 00 00 00 00 00 00 00 00 00 00 00 00 00 00 00 00 00 00 00 00 00 00 00 00 00 00 00 00 00 00 00 00 00 00 00 00 00 00 00 00 00 00 00 00 00 00 00 
0x0400 : 02 90 00 00 00 00 02 03 70 01 00 d3 03 70 01 00 d3 03 70 01 00 d3 03 70 01 00 d3 03 70 01 00 d3 03 70 01 00 d3 03 70 01 00 d3 03 70 01 00 d3 03 70 01 00 d3 03 70 01 00 d3 03 70 01 00 d3 03 70 
0x0440 : 01 00 d3 03 70 01 00 d3 03 70 01 00 d3 03 70 01 00 d3 03 70 01 00 d3 03 70 01 00 d3 03 70 01 00 d3 03 70 01 00 d3 03 70 01 00 d3 03 70 01 00 d3 03 70 01 00 d3 03 70 01 00 d3 03 70 01 00 d3 03 
0x0480 : 70 01 00 d3 03 70 01 00 d3 03 70 01 00 d3 03 70 01 00 d3 03 70 01 00 d3 03 70 01 00 d3 03 70 01 00 d3 03 70 01 00 d3 03 70 01 00 d3 03 70 01 00 d3 03 70 01 00 d3 03 70 01 00 d3 03 70 01 00 d3 
0x04c0 : 03 70 01 00 d3 03 70 01 00 d3 03 70 01 00 d3 03 70 01 00 d3 03 70 01 00 d3 01 ff ff ff fe 01 ff ff ff fe 01 ff ff ff fe 01 ff ff ff fe 01 ff ff ff fe 01 ff ff ff fe 01 ff ff ff fe 01 ff ff ff 
0x0500 : fe 01 ff ff ff fe 01 ff ff ff fe 01 ff ff ff fe 01 ff ff ff fe 01 ff ff ff fe 01 ff ff ff fe 01 ff ff ff fe 01 ff ff ff fe 01 ff ff ff fe 01 ff ff ff fe 01 ff ff ff fe 01 ff ff ff fe 01 ff ff 
0x0540 : ff fe 01 ff ff ff fe 01 ff ff ff fe 01 ff ff ff fe 01 ff ff ff fe 01 ff ff ff fe 01 ff ff ff fe 01 ff ff ff fe 01 ff ff ff fe 01 ff ff ff fe 01 ff ff ff fe 01 ff ff ff fe 01 ff ff ff fe 01 ff 
0x0580 : ff ff fe 01 ff ff ff fe 01 ff ff ff fe 01 ff ff ff fe 01 ff ff ff fe 01 ff ff ff fe 01 ff ff ff fe 01 ff ff ff fe 01 ff ff ff fe 09 ff 2e 00 00 00 00 00 00 00 00 00 00 00 00 00 00 00 00 00 00 
0x05c0 : 00 00 00 00 00 00 00 00 00 00 00 00 00 00 00 00 00 00 00 00 00 00 00 00 00 00 00 00 00 00 00 00 00 00 00 00 00 00 00 00 00 00 00 00 00 00 00 00 00 00 00 00 00 00 00 00 00 00 00 00 00 00 00 00 
0x0600 : 00 00 00 00 00 00 00 00 00 00 00 00 00 00 00 00 00 00 00 00 00 00 00 00 00 00 00 00 00 00 00 00 00 00 00 00 00 00 00 00 00 00 00 00 00 00 00 00 00 00 00 00 00 00 00 00 00 00 00 00 00 00 00 00 
0x0640 : 00 00 00 00 00 00 00 00 00 00 00 00 00 00 00 00 00 00 00 00 00 00 00 00 00 00 00 00 00 00 00 00 00 00 00 00 00 00 00 00 00 00 00 00 00 00 00 00 00 00 00 00 00 00 00 00 00 00 00 00 00 00 00 00 
0x0680 : 00 00 00 00 00 00 00 00 00 00 00 00 00 00 00 00 00 00 00 00 00 00 00 00 00 00 00 00 00 00 00 00 00 00 00 00 00 00 00 00 00 00 00 00 00 00 00 00 00 00 00 00 00 00 00 00 00 00 00 00 00 00 00 00 
0x06c0 : 00 00 00 00 00 00 00 00 00 00 00 00 00 00 00 00 00 00 00 00 00 00 00 00 00 00 00 00 00 00 00 00 00 00 00 00 00 00 00 00 00 00 00 00 00 00 00 00 00 00 00 00 00 00 00 00 00 00 00 00 00 00 00 00 
0x0700 : 00 00 00 00 00 00 00 00 00 00 00 00 00 00 00 00 00 00 00 00 00 00 00 00 00 00 00 00 00 00 00 00 00 00 00 00 00 00 00 00 00 00 00 00 00 00 00 00 00 00 00 00 00 00 00 00 00 00 00 00 00 00 00 00 
0x0740 : 00 00 00 00 00 00 00 00 00 00 00 00 00 00 00 00 00 00 00 00 00 00 00 00 00 00 00 00 00 00 00 00 00 00 00 00 00 00 00 00 00 09 00 00 09 00 00 09 00 00 09 00 00 09 00 00 09 00 00 09 00 00 09 00 
0x0780 : 00 09 00 00 09 00 00 09 00 00 09 00 00 09 00 00 09 00 00 09 00 00 09 00 00 09 00 00 09 00 00 09 00 00 09 00 00 09 00 00 09 00 00 09 00 00 09 00 00 09 00 00 09 00 00 09 00 00 09 00 00 09 00 00 
0x07c0 : 09 00 00 09 00 00 09 00 00 09 00 00 09 00 00 09 00 00 09 00 00 09 00 00 09 00 00 09 00 00 09 00 00 09 00 00 09 00 00 09 00 00 09 00 00 09 00 00 09 00 00 09 00 00 09 00 00 09 00 00 09 00 00 09 
0x0800 : 00 00 09 03 70 09 00 00 09 ff ff 09 00 00 09 71 03 09 00 00 09 01 ff 09 00 00 09 ff ff 00 00 00 00 00 0e 09 ff 38 01 ff ff fb 0b 68 01 00 34 00 01 03 70 01 00 06 01 ff ff ff fd 0b 68 01 00 3e 
0x0840 : 00 01 02 90 ff ff ff fa 02 02 90 ff ff ff fa 03 02 90 09 00 00 09 04 02 90 ff ff ff 46 05 01 ff ff ff fd 0b 64 04 ff ba 02 04 54 02 03 02 0b 64 04 ff af 02 04 54 02 03 02 01 ff ff ff fd 08 54 
0x0880 : 02 05 0f 09 ff a7 02 90 00 00 00 00 10 09 ff d1 03 70 01 00 06 01 ff ff ff fd 0c ff fb 03 70 01 00 3a 03 70 01 00 3a 03 70 01 00 3a 03 70 01 00 3a 03 70 01 00 3a 03 70 01 00 3a 03 70 01 00 3a 
0x08c0 : 03 70 01 00 3a 03 70 01 00 3a 03 70 01 00 3a 02 90 00 00 00 00 01 ff ff ff ff fd 64 ff ff ff fd 09 ff ff ff fd 01 ff ff ff fd 01 ff ff ff fd 01 ff ff ff fd 01 ff ff ff fd 01 ff ff ff fd 01 ff 
0x0900 : ff ff fd 01 ff ff ff fd 09 ff ce 03 70 01 00 06 01 ff ff ff fd 0c ff fb 0b 68 01 00 34 00 01 03 70 01 00 06 01 ff ff ff fd 0b 68 01 00 3e 00 01 02 90 00 00 00 00 02 02 90 00 00 00 06 03 02 90 
0x0940 : 09 00 00 09 04 02 90 00 00 00 b4 05 01 ff ff ff fd 0b 64 04 00 99 02 04 54 02 03 02 0b 64 04 00 8e 02 04 54 02 03 02 01 ff ff ff fd 08 54 02 05 0f 09 ff a7 02 90 00 00 00 00 10 09 ff d1 03 70 
0x0980 : 01 00 06 01 ff ff ff fd 0c ff fb 02 90 00 00 00 00 02 01 ff ff ff ff 00 00 00 00 00 0e 09 ff 38 01 ff 01 00 33 00 01 03 70 01 00 06 01 ff ff ff fd 0a 94 ff da 02 04 0b 64 04 01 90 02 04 54 02 
0x09c0 : 03 02 0a 94 ff c9 02 04 0b 64 04 01 7f 02 04 54 02 03 02 01 ff ff ff fd 08 54 02 05 0f 09 01 6a 02 90 00 00 00 00 0f 09 ff c5 09 00 00 09 00 00 09 00 00 09 00 00 09 00 00 09 00 00 09 00 00 09 
0x0a00 : 00 00 09 00 00 09 00 00 09 00 00 09 00 00 09 00 00 09 00 00 09 00 00 09 00 00 09 00 00 09 00 00 09 00 00 09 00 00 09 00 00 09 00 00 09 00 00 09 00 00 09 00 00 09 00 00 09 00 00 09 00 00 09 00 
0x0a40 : 00 09 00 00 09 00 00 09 00 00 09 00 00 09 00 01 09 00 00 09 0b 64 09 00 00 09 09 ff 09 00 00 09 00 00 09 00 00 09 00 00 09 00 00 09 00 00 09 00 00 09 00 00 09 00 00 09 00 00 09 00 00 09 00 00 
0x0a80 : 09 00 00 09 00 00 09 00 00 09 00 00 09 00 00 09 00 00 09 00 00 09 00 00 09 00 00 09 00 00 00 00 00 00 00 00 00 00 00 00 00 00 00 00 00 00 00 00 00 00 00 00 00 00 00 00 00 00 00 00 00 00 00 00 
0x0ac0 : 00 00 00 00 00 00 00 00 00 00 00 00 00 00 00 00 00 00 00 00 00 00 00 00 00 00 00 00 00 00 00 00 00 00 00 00 00 00 00 00 00 00 00 00 00 00 00 00 00 00 00 00 00 00 00 00 00 00 00 00 00 00 00 00 
0x0b00 : 00 00 00 00 00 00 00 00 00 00 00 00 01 ff ff ff ff 0b 64 0f 00 00 0e 09 ff 38 01 ff 00 00 00 00 00 00 00 00 00 00 00 00 00 00 00 00 00 00 00 00 00 00 00 00 00 00 00 00 00 00 00 00 00 00 00 00 
0x0b40 : 00 00 00 00 00 00 00 02 90 00 00 00 00 02 01 ff ff ff ff 00 00 00 00 00 0e 09 ff 38 01 ff 01 00 33 00 01 03 70 01 00 06 01 ff ff ff fd 0a 94 ff da 02 04 0b 64 04 01 90 02 04 54 02 03 02 0a 94 
0x0b80 : ff c9 02 04 0b 64 04 01 7f 02 04 54 02 03 02 01 ff ff ff fd 08 54 02 05 0f 09 01 6a 02 90 00 00 00 00 0f 09 ff c5 09 00 00 00 00 00 00 00 00 00 00 00 00 00 00 00 00 00 00 00 00 01 ff ff ff ff 
0x0bc0 : 0b 00 00 00 00 00 00 00 00 01 ff ff ff ff 0b 64 0f 00 00 0e 09 ff 38 01 ff 00 00 00 00 00 00 00 00 00 00 00 00 00 00 00 00 00 00 00 00 00 00 00 00 00 00 00 00 00 00 00 00 00 00 00 00 00 00 00 
0x0c00 : 00 00 00 00 00 00 00 00 00 00 00 00 00 00 00 00 00 00 00 00 00 00 00 00 00 00 00 00 00 00 00 00 00 00 00 00 00 00 00 00 00 00 00 00 00 00 00 00 00 00 00 00 00 00 00 00 00 00 00 00 00 00 00 00 
0x0c40 : 00 00 00 00 00 00 00 00 00 00 00 00 00 00 00 00 00 00 00 00 00 00 00 00 00 00 00 00 00 43 02 90 00 00 00 00 02 02 90 00 00 00 00 10 01 ff ff ff 00 00 00 00 ff ff ff ff fc ff ff ff ff 0b 64 0f 
0x0c80 : 00 00 0e 09 ff 38 01 ff ff ff ff 0b 64 0f 00 00 0e 09 ff 38 01 ff 02 ff a9 03 70 02 ff a0 03 70 02 ff 97 03 70 02 ff 8e 03 70 02 ff 85 03 70 02 ff 7c 03 70 02 ff 73 03 70 02 ff 6a 03 70 02 ff 
0x0cc0 : 61 03 70 02 ff 58 03 70 02 ff 4f 03 70 02 ff 46 03 70 02 ff 3d 03 70 02 ff 34 03 70 02 ff 2b 03 70 02 ff 22 03 70 02 ff 19 03 70 02 ff 10 03 70 02 ff 07 03 70 02 fe fe 03 70 02 fe f5 03 70 02 
0x0d00 : fe ec 03 70 02 fe e3 03 70 02 fe da 03 70 02 fe d1 03 70 02 fe c8 03 70 02 fe bf 03 70 02 fe b6 03 70 02 fe ad 03 70 02 fe a4 03 70 02 fe 9b 03 70 02 fe 92 03 01 ff ff ff ff 0b 64 0f 00 00 0e 
0x0d40 : 09 ff 38 01 ff ff ff ff 0b 64 0f 00 00 0e 09 ff 38 01 ff 70 02 fe 53 03 70 02 fe 4a 03 70 02 fe 41 03 70 02 fe 38 03 70 02 fe 2f 03 70 02 fe 26 03 70 02 fe 1d 03 70 02 fe 14 03 70 02 fe 0b 03 
0x0d80 : 70 02 fe 02 09 fe e8 01 ff ff ff fc 0c ff fb 02 90 00 00 00 00 10 01 ff ff ff fc 09 ff fb 01 ff ff ff fc 09 00 03 0c ff f8 01 ff ff ff fc 0c 00 5e 01 ff ff ff fc 0c 00 2f 01 ff ff ff fc 0c 00 
0x0dc0 : 84 02 90 ff ff ff fc 02 02 90 0f 03 70 03 03 02 90 00 00 00 00 10 01 ff ff ff fc 02 90 00 00 00 00 10 09 00 78 01 ff ff ff fc 0c fe 74 02 90 0f 03 70 01 ff ff ff ff 0b 64 0f 00 00 0e 09 ff 38 
0x0e00 : 01 ff ff ff ff 0b 64 0f 00 00 0e 09 ff 38 01 ff fc 0c ff 98 01 ff ff ff fc 0c ff 6e 02 90 ff ff 01 00 02 02 90 1a 03 70 03 03 02 90 00 00 00 00 10 02 90 00 00 00 00 10 02 90 00 00 00 00 10 09 
0x0e40 : 00 1b 02 90 03 70 02 00 02 02 90 13 03 70 03 03 02 90 00 00 00 00 10 09 00 03 03 70 02 00 0f 03 70 03 ff ff 01 00 00 00 00 03 70 02 00 ff ff ff fc 00 00 00 00 00 00 00 00 00 00 00 00 00 00 00 
0x0e80 : 00 00 00 00 00 00 00 00 00 00 00 00 00 00 00 00 00 00 00 00 00 00 00 00 00 00 00 00 00 00 00 00 00 00 00 00 00 00 00 00 00 00 00 00 00 00 00 01 ff ff ff ff 0b 64 0f 00 00 0e 09 ff 38 01 ff ff 
0x0ec0 : ff ff 0b 64 0f 00 00 0e 09 ff 38 01 ff 00 00 00 00 00 00 00 00 00 00 00 00 00 00 00 00 00 00 00 00 00 00 00 00 00 00 00 00 00 00 00 00 00 00 00 00 00 00 00 00 00 00 00 00 00 00 00 00 00 00 00 
0x0f00 : 00 00 00 00 00 00 00 00 00 00 00 00 00 00 00 00 00 00 00 00 00 00 00 00 00 00 00 00 00 00 00 00 00 00 00 00 00 00 00 00 00 00 00 00 00 00 00 00 00 00 00 00 00 00 00 00 00 00 00 00 00 00 00 00 
0x0f40 : 00 00 00 00 00 00 00 00 00 00 00 00 00 00 00 00 00 00 00 00 00 00 00 00 00 00 00 00 00 00 00 00 00 00 00 00 00 00 00 00 ff ff ff fc 01 ff ff ff ff 0b 64 0f 00 00 0e 09 ff 38 01 ff ff ff ff 0b 
0x0f80 : 64 0f 00 00 0e 09 ff 38 01 ff 00 00 00 00 00 00 00 00 00 00 00 00 00 00 00 00 00 00 00 00 00 00 00 00 00 00 00 00 00 00 00 00 00 00 00 00 00 00 00 00 00 00 00 00 00 00 00 00 00 00 00 00 00 00 
0x0fc0 : 00 00 00 00 00 00 00 00 00 00 00 00 00 00 00 00 00 00 00 00 00 00 00 00 00 00 00 00 00 00 00 00 00 00 00 00 00 00 00 00 00 00 00 00 00 00 00 00 00 00 00 00 00 00 00 00 00 00 00 00 00 00 00 00 
