Introducing contestants...
* Player 1, weighing 325 bytes, "Celebration Funebre v0.99pl42" ("Jour J") !
* Player 2, weighing 490 bytes, "fluttershy" ("oh,my,what a scary project") !
* Player 3, weighing 617 bytes, "helltrain" ("choo-choo, motherf*****s !") !
0x0000 : 00 00 00 0e 09 ff 38 01 00 06 00 00 00 01 ff ff ff ff 00 00 00 00 00 0e 09 ff 38 01 ff ff ff fe 
0x0020 : 00 00 00 00 00 0e 09 ff 38 01 0f 03 70 03 00 00 00 00 00 0e 09 ff 38 01 ff ff ff fe 00 00 00 00 
0x0040 : 00 0e 09 ff 38 0b 0f 03 70 03 0e 09 ff 38 00 00 00 00 00 0e 0f 03 70 03 68 01 ff b6 00 01 0b 68 
0x0060 : 01 ff af 00 0f 0b 68 01 ff a8 00 1d 0b 68 01 ff a1 00 2b 0b 68 01 ff 9a 00 39 0b 68 01 ff 93 00 
0x0080 : 47 02 90 00 06 00 00 04 02 90 00 0e 00 00 0c 02 90 00 00 00 01 0b 02 90 00 00 00 06 0a 01 00 00 
0x00a0 : 00 2a 0b 68 04 ff 65 00 01 ff ff ff ff 00 00 00 00 00 0e 09 ff 38 01 ff ff ff ff 00 00 00 00 00 
0x00c0 : 0e 09 ff 38 01 ff 0c 00 45 01 00 00 00 2a 0a a4 00 08 ff 3f 0f 02 90 ff ff ff 46 0e 02 90 00 00 
0x00e0 : 00 00 02 09 ff 24 01 00 00 00 2a 0c 00 3d 01 00 00 00 2a 0a a4 00 04 ff 1a 0f 02 90 ff ff ff 42 
0x0100 : 0e 02 90 00 00 00 00 02 09 fe ff 01 00 00 00 2a 0a a4 00 0c fe fd 0f 02 90 ff ff ff 4a 0e 02 90 
0x0120 : 00 00 00 00 02 09 fe e2 01 00 00 00 2a 0a a4 00 00 fe e0 0f 02 90 ff ff ff 3e 0e 02 90 00 00 00 
0x0140 : 00 02 09 fe c5 00 00 00 00 00 00 00 00 00 00 00 00 00 00 00 00 00 00 00 00 00 00 00 00 00 00 00 
0x0160 : 00 00 00 00 00 01 ff ff ff ff 00 00 00 00 00 0e 09 ff 38 01 ff ff ff ff 00 00 00 00 00 0e 09 ff 
0x0180 : 38 01 ff 00 00 00 00 00 00 00 00 00 00 00 00 00 00 00 00 00 00 00 00 00 00 00 00 00 00 00 00 00 
0x01a0 : 00 00 00 00 00 00 00 00 00 00 00 00 00 00 00 00 00 00 00 00 00 00 00 00 00 00 00 00 00 00 00 00 
0x01c0 : 00 00 00 00 00 00 00 00 00 00 00 00 00 00 00 00 00 00 00 00 00 00 00 00 00 00 00 00 00 00 00 00 
0x01e0 : 00 00 00 00 00 00 00 00 00 00 00 00 00 00 00 00 00 00 00 00 00 00 00 00 00 00 00 00 00 00 00 00 
0x0200 : 00 00 00 00 00 00 00 00 00 00 00 00 00 00 00 00 00 00 00 00 00 00 00 00 00 00 00 00 00 00 00 00 
0x0220 : 00 00 01 ff ff ff ff 00 00 00 00 00 0e 09 ff 38 01 ff ff ff ff 00 00 00 00 00 0e 09 ff 38 01 ff 
0x0240 : 00 00 00 00 00 00 00 00 00 00 00 00 00 00 00 00 00 00 00 00 00 00 00 00 00 00 00 00 00 00 00 00 
0x0260 : 00 00 00 00 00 00 00 00 00 00 00 00 00 00 00 00 00 00 00 00 00 00 00 00 00 00 00 00 00 00 00 00 
0x0280 : 00 00 00 00 00 00 00 00 00 00 00 00 00 00 00 00 00 00 00 00 00 00 00 00 00 00 00 00 00 00 00 00 
0x02a0 : 00 00 00 00 00 00 00 00 00 00 00 00 00 00 00 00 00 00 00 00 00 00 00 00 00 00 00 00 00 00 00 00 
0x02c0 : 00 00 00 00 00 00 00 00 00 00 00 00 00 00 00 00 00 00 00 00 00 00 00 00 00 00 00 00 00 00 00 01 
0x02e0 : ff ff ff ff 00 00 00 00 00 0e 09 ff 38 01 ff ff ff ff 00 00 00 00 00 0e 09 ff 38 01 ff 00 00 00 
0x0300 : 00 00 00 00 00 00 00 00 00 00 00 00 00 00 00 00 00 00 00 00 00 00 00 00 00 00 00 00 00 00 00 00 
0x0320 : 00 00 00 00 00 00 00 00 00 00 00 00 00 00 00 00 00 00 00 00 00 00 00 00 00 00 00 00 00 00 00 00 
0x0340 : 00 00 00 00 00 00 00 00 00 00 00 00 00 00 00 00 00 00 00 00 00 00 00 00 00 00 00 00 00 00 00 00 
0x0360 : 00 00 00 00 00 00 00 00 00 00 00 00 00 00 00 00 00 00 00 00 00 00 00 00 00 00 00 00 00 00 00 00 
0x0380 : 00 00 00 00 00 00 00 00 00 00 00 00 00 00 00 00 00 00 00 00 00 00 00 00 00 00 00 00 01 ff ff ff 
0x03a0 : ff 00 00 00 00 00 0e 09 ff 38 01 ff ff ff ff 00 00 00 00 00 0e 09 ff 38 01 ff 00 00 00 00 00 00 
0x03c0 : 00 00 00 00 00 00 00 00 00 00 00 00 00 00 00 00 00 00 00 00 00 00 00 00 00 00 00 00 00 00 00 00 
0x03e0 : 00 00 00 00 00 00 00 00 00 00 00 00 00 00 00 00 00 00 00 00 00 00 00 00 00 00 00 00 00 00 00 00 
0x0400 : 00 00 00 00 00 00 00 00 00 00 00 00 00 00 00 00 00 00 00 00 00 00 00 00 00 00 00 00 00 00 00 00 
0x0420 : 00 00 00 00 00 00 00 00 00 00 00 00 00 00 00 00 00 00 00 00 00 00 00 00 00 00 00 00 00 00 00 00 
0x0440 : 00 00 00 00 00 00 00 00 00 00 00 00 00 00 00 00 00 00 00 00 00 00 00 00 00 01 ff ff ff ff 00 00 
0x0460 : 00 00 00 0e 09 ff 38 01 ff ff ff ff 00 00 00 00 00 0e 09 ff 38 01 ff 00 00 00 00 00 00 00 00 00 
0x0480 : 00 00 00 00 00 00 00 00 00 00 00 00 00 00 00 00 00 00 00 00 00 00 00 00 00 00 00 00 00 00 00 00 
0x04a0 : 00 00 00 00 00 00 00 00 00 00 00 00 00 00 00 00 00 00 00 00 00 00 00 00 00 00 00 00 00 00 00 00 
0x04c0 : 00 00 00 00 00 00 00 00 00 00 00 00 00 00 00 00 00 00 00 00 00 00 00 00 00 00 00 00 00 00 00 00 
0x04e0 : 00 00 00 00 00 00 00 00 00 00 00 00 00 00 00 00 00 00 00 00 00 00 00 00 00 00 00 00 00 00 00 00 
0x0500 : 00 00 00 00 00 00 00 00 00 00 00 00 00 00 00 00 00 00 00 00 00 00 01 ff ff ff ff 00 00 00 00 00 
0x0520 : 0e 09 ff 38 01 ff ff ff ff 00 00 00 00 00 0e 09 ff 38 01 ff 00 00 00 00 00 00 00 00 00 00 00 00 
0x0540 : 00 00 00 00 00 00 00 00 00 00 00 00 00 00 00 00 00 00 00 00 00 0c 00 90 03 70 09 00 00 09 ff ff 
0x0560 : 09 00 00 09 71 03 09 00 00 09 01 ff 09 00 00 09 00 f1 03 70 01 00 06 01 ff ff ff fe 0c ff fb 0b 
0x0580 : 68 01 00 34 00 01 03 70 01 00 06 01 ff ff ff fe 0b 68 01 00 3e 00 01 02 90 ff ff ff fa 02 02 90 
0x05a0 : ff ff ff fa 03 02 90 09 00 00 09 04 02 90 ff ff ff 46 05 01 ff ff ff fe 0b 64 04 ff ba 02 04 54 
0x05c0 : 02 03 02 0b 64 04 ff af 02 04 54 02 03 02 01 ff ff ff fe 01 ff ff ff ff 00 00 00 00 00 0e 09 ff 
0x05e0 : 38 01 ff ff ff ff 00 00 00 00 00 0e 09 ff 38 01 ff fb 03 70 01 00 3a 03 70 01 00 3a 03 70 01 00 
0x0600 : 3a 03 70 01 00 3a 03 70 01 00 3a 03 70 01 00 3a 03 70 01 00 3a 03 70 01 00 3a 03 70 01 00 3a 03 
0x0620 : 70 01 00 3a 02 90 00 00 00 00 10 01 ff ff ff fe 01 ff ff ff fe 01 ff ff ff fe 01 ff ff ff fe 01 
0x0640 : ff ff ff fe 01 ff ff ff fe 01 ff ff ff fe 01 ff ff ff fe 01 ff ff ff fe 01 ff ff ff fe 09 ff ce 
0x0660 : 03 70 01 00 06 01 ff ff ff fe 0c ff fb 0b 68 01 00 34 00 01 03 70 01 00 06 01 ff ff ff fe 0b 68 
0x0680 : 01 00 3e 00 01 02 90 00 00 00 00 02 02 90 00 00 01 ff ff ff ff 00 00 00 00 00 0e 09 ff 38 01 ff 
0x06a0 : ff ff ff ff ff fe 00 00 0e 09 ff 38 01 ff 02 03 02 0b 64 04 00 8e 02 04 54 02 03 02 01 ff ff ff 
0x06c0 : fe 08 54 02 05 0f 09 ff a7 02 90 00 00 09 00 00 09 ff d1 09 00 00 09 06 01 09 00 00 09 0c ff 09 
0x06e0 : 00 00 09 00 00 09 00 00 09 00 00 09 00 00 09 90 00 09 00 00 09 0b 68 09 00 00 09 01 03 09 00 00 
0x0700 : 09 01 ff 09 00 00 09 94 ff 09 00 00 09 64 04 09 00 00 09 ff 00 09 00 00 09 0e 09 09 00 00 09 04 
0x0720 : 01 09 00 00 09 02 03 09 00 00 09 ff fe 09 00 00 09 0f 09 09 00 00 09 00 00 09 00 00 09 ff c5 00 
0x0740 : 00 00 00 00 00 09 00 00 09 00 00 09 00 00 09 ff ff 09 00 00 09 00 00 09 00 00 09 01 ff 09 00 00 
0x0760 : 09 00 00 09 00 00 09 ff 38 09 00 00 09 00 00 09 00 00 09 00 00 09 00 00 09 00 00 09 00 00 09 00 
0x0780 : 00 09 00 00 09 00 00 09 00 00 09 00 00 09 00 00 09 00 00 09 00 00 09 00 00 09 00 00 09 00 00 09 
0x07a0 : 00 00 09 00 00 09 00 00 09 00 00 09 00 00 09 00 00 09 00 00 09 00 00 09 00 00 09 00 00 09 00 00 
0x07c0 : 09 00 00 09 00 00 09 00 00 09 00 00 09 ff ff 09 00 00 09 00 00 09 00 00 09 38 01 09 00 00 09 00 
0x07e0 : 00 09 00 00 09 00 00 09 00 00 09 00 00 09 00 00 09 00 00 00 00 00 00 00 00 00 00 00 00 00 00 00 
0x0800 : 00 00 00 00 00 00 00 00 00 00 01 ff ff ff ff 00 00 00 00 00 0e 09 ff 38 01 ff ff ff ff 00 00 00 
0x0820 : 58 00 0e 09 ff 38 01 ff 00 00 00 00 00 00 00 00 00 00 00 00 00 00 00 00 00 00 00 00 00 00 00 00 
0x0840 : 00 00 00 00 00 00 00 00 00 00 00 00 00 00 00 00 00 00 00 00 00 00 00 00 00 00 00 00 00 00 00 00 
0x0860 : 00 00 00 00 00 00 00 00 00 00 00 00 00 00 00 00 00 00 00 00 00 00 00 00 00 00 00 00 00 00 00 00 
0x0880 : 00 00 00 00 00 00 00 00 00 01 ff ff ff ff 00 00 00 00 00 0e 09 ff 38 01 ff 00 00 00 02 90 00 00 
0x08a0 : 00 00 02 02 90 00 00 00 04 03 02 90 00 00 00 60 05 0b 68 01 00 33 00 01 03 70 01 00 06 01 ff ff 
0x08c0 : ff fe 0a 94 ff da 02 04 0b 64 04 01 90 02 04 54 02 03 02 0a 94 01 ff ff ff ff 00 00 00 00 00 0e 
0x08e0 : 09 ff 38 01 01 ff ff ff fe 08 54 02 05 0f 09 01 6a 02 90 00 00 00 00 00 00 00 00 00 00 00 00 00 
0x0900 : 00 00 00 00 00 00 00 00 00 00 00 00 00 00 00 00 00 00 00 00 00 00 00 00 00 00 00 00 00 00 00 00 
0x0920 : 00 00 00 00 00 00 00 00 00 00 00 00 00 00 00 00 00 00 00 00 00 00 00 00 00 00 00 00 00 00 00 00 
0x0940 : 00 00 00 00 00 00 01 ff ff ff ff 00 00 00 00 00 0e 09 ff 38 01 ff 00 00 00 00 00 00 00 00 00 00 
0x0960 : 00 00 00 00 00 00 00 00 00 00 00 00 00 00 00 00 00 00 00 00 00 00 00 00 00 00 00 00 00 00 00 00 
0x0980 : 00 00 00 00 01 ff ff ff ff 00 00 00 00 00 0e 09 ff 38 01 ff ff ff ff 00 00 00 64 00 0e 09 ff 38 
0x09a0 : 01 ff 00 00 00 00 00 00 00 00 00 00 00 00 00 00 00 00 00 00 00 00 00 00 00 00 00 00 00 00 00 00 
0x09c0 : 00 00 00 00 00 00 00 00 00 00 00 00 00 00 00 00 00 00 00 00 00 00 00 00 00 00 00 00 00 00 00 00 
0x09e0 : 00 00 00 00 00 00 00 00 00 00 00 00 00 00 00 00 00 00 00 00 00 00 00 00 00 00 00 00 00 00 00 00 
0x0a00 : 00 00 00 01 ff ff ff ff 00 00 00 00 00 0e 09 ff 38 01 ff 00 00 00 00 00 00 00 00 00 00 00 00 00 
0x0a20 : 00 00 00 00 00 00 00 00 00 00 00 ff ff ff fd 00 00 00 00 03 70 02 00 00 00 00 00 ff ff ff fd 00 
0x0a40 : 00 00 00 ff ff ff fd 00 00 00 00 00 00 00 00 00 00 00 00 03 70 02 00 ff ff ff fd 00 00 00 00 00 
0x0a60 : 00 00 00 00 00 00 00 00 00 00 00 04 00 00 00 00 00 00 00 00 00 00 00 00 00 00 00 00 00 00 00 00 
0x0a80 : 00 00 00 00 00 00 00 00 00 00 00 00 00 00 00 00 00 00 00 00 00 00 04 00 00 00 00 00 00 00 00 00 
0x0aa0 : 00 00 00 00 00 00 00 00 00 00 00 00 00 00 00 00 00 00 00 00 00 00 00 00 00 00 00 00 00 00 00 00 
0x0ac0 : 00 00 00 00 00 00 00 00 00 00 00 00 00 00 00 00 00 00 00 00 00 00 00 ff ff ff fd 00 00 00 00 00 
0x0ae0 : 00 00 00 00 00 00 00 00 00 00 00 00 00 00 00 00 00 00 00 00 00 00 00 ff ff ff fd 00 00 00 00 00 
0x0b00 : 00 00 00 00 00 00 00 00 0e 09 ff 38 01 ff ff ff ff 00 00 00 00 00 0e 09 ff 38 01 ff 70 02 ff e8 
0x0b20 : 03 70 02 ff df 03 70 02 ff d6 03 70 02 ff cd 03 70 02 ff c4 03 70 02 ff bb 03 70 02 ff b2 03 70 
0x0b40 : 02 ff a9 03 70 02 ff a0 03 70 02 ff 97 03 70 02 ff 8e 03 70 02 ff 85 03 70 02 ff 7c 03 70 02 ff 
0x0b60 : 73 03 70 02 ff 6a 03 70 02 ff 61 03 70 02 ff 58 03 70 02 ff 4f 03 70 02 ff 46 03 70 02 01 ff ff 
0x0b80 : ff ff 00 00 00 00 00 0e 09 ff 38 01 ff ff ff ff 00 00 00 00 00 0e 09 ff 38 01 ff ff 07 03 70 02 
0x0ba0 : fe fe 03 70 02 fe f5 03 70 02 fe ec 03 70 02 fe e3 03 70 02 fe da 03 70 02 fe d1 01 ff ff ff ff 
0x0bc0 : 00 00 00 00 00 0e 09 ff 38 01 ff ff ff ff 00 00 00 00 00 0e 09 ff 38 01 ff 03 70 02 fe 92 03 70 
0x0be0 : 02 fe 89 03 70 02 fe 80 03 70 02 fe 77 03 70 02 fe 6e 03 70 02 fe 65 03 70 02 fe 5c 03 70 02 fe 
0x0c00 : 53 03 70 02 fe 4a 03 70 02 fe 41 03 70 02 fe 38 03 70 02 fe 2f 03 70 02 fe 26 03 70 02 fe 1d 03 
0x0c20 : 70 02 fe 14 03 70 02 fe 0b 03 70 02 fe 02 09 fe e8 01 ff ff ff fd 0c ff fb 02 01 ff ff ff ff 00 
0x0c40 : 00 00 00 00 0e 09 ff 38 01 ff ff ff ff 00 00 00 00 00 0e 09 ff 38 01 ff 0c 00 5e 01 ff ff ff fd 
0x0c60 : 0c 00 2f 01 ff ff ff fd 0c 00 84 02 90 ff ff ff fd 02 02 90 0f 03 70 03 01 ff ff ff ff 00 00 00 
0x0c80 : 00 00 0e 09 ff 38 01 ff ff ff ff 00 00 00 00 00 0e 09 ff 38 01 ff 74 02 90 0f 03 70 03 02 02 90 
0x0ca0 : 17 03 70 03 03 02 90 00 00 00 00 10 02 90 00 00 00 00 10 09 00 51 01 ff ff ff fd 0c ff 98 01 ff 
0x0cc0 : ff ff fd 0c ff 6e 02 90 ff ff 01 00 02 02 90 1a 03 70 03 03 02 90 00 00 00 00 10 02 90 00 00 00 
0x0ce0 : 00 10 02 90 00 00 00 00 10 09 00 1b 02 90 03 70 02 00 02 02 90 13 03 01 ff ff ff ff 00 00 00 00 
0x0d00 : 00 0e 09 ff 38 01 ff ff ff ff 00 00 00 00 00 0e 09 ff 38 01 ff 00 00 00 00 01 ff ff ff ff 00 00 
0x0d20 : 00 00 00 0e 09 ff 38 01 ff 00 00 00 00 00 00 00 00 00 00 00 00 01 ff ff ff ff 00 00 00 00 00 0e 
0x0d40 : 09 ff 38 01 ff ff ff ff 00 00 00 00 00 0e 09 ff 38 01 ff 00 00 00 00 00 00 00 00 00 00 00 00 00 
0x0d60 : 00 00 00 00 00 00 00 00 00 00 00 00 00 00 00 00 00 00 00 00 00 00 00 00 00 00 00 00 00 00 00 00 
0x0d80 : 00 00 00 00 00 00 00 00 00 00 00 00 00 00 00 00 00 00 00 00 00 00 00 00 00 00 00 00 00 00 00 00 
0x0da0 : 00 00 00 00 00 00 00 00 00 00 00 00 00 00 00 00 00 00 00 00 01 ff ff ff ff 00 00 00 00 00 0e 09 
0x0dc0 : ff 38 01 ff ff ff ff 00 00 00 00 00 0e 09 ff 38 01 ff 00 00 00 00 01 ff ff ff ff 00 00 00 00 00 
0x0de0 : 0e 09 ff 38 01 ff 00 00 00 00 00 00 00 00 00 00 00 00 01 ff ff ff ff 00 00 00 00 00 0e 09 ff 38 
0x0e00 : 01 ff ff ff ff 00 00 00 00 00 0e 09 ff 38 01 ff 00 00 00 00 00 00 00 00 00 00 00 00 00 00 00 00 
0x0e20 : 00 00 00 00 00 00 00 00 00 00 00 00 00 00 00 00 00 00 00 00 00 00 00 00 00 00 00 00 00 00 00 00 
0x0e40 : 00 00 00 00 00 00 00 00 00 00 00 00 00 00 00 00 00 00 00 00 00 00 00 00 00 00 00 00 00 00 00 00 
0x0e60 : 00 00 00 00 00 00 00 00 00 00 00 00 00 00 00 00 00 01 ff ff ff ff 00 00 00 00 00 0e 09 ff 38 01 
0x0e80 : ff ff ff ff 00 00 00 00 00 0e 09 ff 38 01 ff 00 00 00 00 01 ff ff ff ff 00 00 00 00 00 0e 09 ff 
0x0ea0 : 38 01 ff 00 00 00 00 00 00 00 00 00 00 00 00 01 ff ff ff ff 00 00 00 00 00 0e 09 ff 38 01 ff ff 
0x0ec0 : ff ff 00 00 00 00 00 0e 09 ff 38 01 ff 00 00 00 00 00 00 00 00 00 00 00 00 00 00 00 00 00 00 00 
0x0ee0 : 00 00 00 00 00 00 00 00 00 00 00 00 00 00 00 00 00 00 00 00 00 00 00 00 00 00 00 00 00 00 00 00 
0x0f00 : 00 00 00 00 00 00 00 00 00 00 00 00 00 00 00 00 00 00 00 00 00 00 00 00 00 00 00 00 00 00 00 00 
0x0f20 : 00 00 00 00 00 00 00 00 00 00 00 00 00 00 01 ff ff ff ff 00 00 00 00 00 0e 09 ff 38 01 ff ff ff 
0x0f40 : ff 00 00 00 00 00 0e 09 ff 38 01 ff 00 00 00 00 01 ff ff ff ff 00 00 00 00 00 0e 09 ff 38 01 ff 
0x0f60 : 00 00 00 00 00 00 00 00 0e 09 00 00 01 ff ff ff ff 00 00 00 00 00 0e 09 ff 38 01 ff ff ff ff 00 
0x0f80 : 00 00 00 00 0e 09 ff 38 01 ff 00 00 01 ff ff ff ff 00 00 00 00 00 0e 09 ff 38 01 ff 00 00 00 00 
0x0fa0 : 00 00 00 00 00 00 00 00 00 00 00 00 00 00 00 00 00 00 00 00 00 00 00 00 00 00 00 00 00 00 00 00 
0x0fc0 : 00 00 00 00 00 00 00 00 00 00 00 00 00 00 00 00 00 00 00 00 00 00 00 00 00 00 00 00 00 00 00 00 
0x0fe0 : 00 00 00 00 00 00 00 00 00 00 00 01 ff ff ff ff 00 00 00 00 00 0e 09 ff 38 01 ff ff ff ff 00 00 
